-1.7943981 -1.6614319 43.3813289 43.3992165 mnt_43.3813289_43.3992165_-1.7943981_-1.6614319.glz
-1.7750341 -1.543957 43.4001578 43.4998522 mnt_43.4001578_43.4998522_-1.7750341_-1.543957.glz
-1.8073075 -1.4742465 43.500792 43.5993812 mnt_43.500792_43.5993812_-1.8073075_-1.4742465.glz
-1.8976729 -1.4277729 43.6003194 43.6996813 mnt_43.6003194_43.6996813_-1.8976729_-1.4277729.glz
-2.167478 -1.3787174 43.7006179 43.8997753 mnt_43.7006179_43.8997753_-2.167478_-1.3787174.glz
-2.167478 -1.3167526 43.9007087 44.0991945 mnt_43.9007087_44.0991945_-2.167478_-1.3167526.glz
-2.167478 -1.2999705 44.1001248 44.1995797 mnt_44.1001248_44.1995797_-2.167478_-1.2999705.glz
-2.167478 -1.2818974 44.2005084 44.299793 mnt_44.2005084_44.299793_-2.167478_-1.2818974.glz
-2.167478 -1.2638243 44.3007201 44.3998343 mnt_44.3007201_44.3998343_-2.167478_-1.2638243.glz
-2.167478 -1.250915 44.4007598 44.4997037 mnt_44.4007598_44.4997037_-2.167478_-1.250915.glz
-2.167478 -1.2121869 44.5006276 44.5994012 mnt_44.5006276_44.5994012_-2.167478_-1.2121869.glz
-2.167478 -0.9991829 44.6003235 44.6998475 mnt_44.6003235_44.6998475_-2.167478_-0.9991829.glz
-2.167478 -0.508628 44.7007682 44.7991995 mnt_44.7007682_44.7991995_-2.167478_-0.508628.glz
-2.167478 -0.5189554 44.8001186 44.8992971 mnt_44.8001186_44.8992971_-2.167478_-0.5189554.glz
-2.167478 -0.5357376 44.9002146 44.9992196 mnt_44.9002146_44.9992196_-2.167478_-0.5357376.glz
-2.167478 -0.4918458 45.0001355 45.0998812 mnt_45.0001355_45.0998812_-2.167478_-0.4918458.glz
-2.167478 -0.6493398 45.1007955 45.1994519 mnt_45.1007955_45.1994519_-2.167478_-0.6493398.glz
-2.167478 -0.6803222 45.2003646 45.2997585 mnt_45.2003646_45.2997585_-2.167478_-0.6803222.glz
-2.167478 -0.7074318 45.3006696 45.3998868 mnt_45.3006696_45.3998868_-2.167478_-0.7074318.glz
-2.167478 -0.742287 45.4007962 45.4998368 mnt_45.4007962_45.4998368_-2.167478_-0.742287.glz
-2.167478 -0.8352342 45.5007446 45.5996085 mnt_45.5007446_45.5996085_-2.167478_-0.8352342.glz
-2.167478 -0.9281815 45.6005147 45.699202 mnt_45.6005147_45.699202_-2.167478_-0.9281815.glz
-2.167478 -0.9604548 45.7001066 45.7995202 mnt_45.7001066_45.7995202_-2.167478_-0.9604548.glz
-2.167478 -1.0714751 45.8004231 45.8996569 mnt_45.8004231_45.8996569_-2.167478_-1.0714751.glz
-2.6464145 -0.8649257 45.9005582 45.9996122 mnt_45.9005582_45.9996122_-2.6464145_-0.8649257.glz
-2.6464145 -0.9927282 46.0005118 46.099386 mnt_46.0005118_46.099386_-2.6464145_-0.9927282.glz
-2.6464145 -1.1114941 46.1002841 46.1998749 mnt_46.1002841_46.1998749_-2.6464145_-1.1114941.glz
-2.6464145 -1.1192397 46.2007713 46.2992844 mnt_46.2007713_46.2992844_-2.6464145_-1.1192397.glz
-2.6464145 -1.0843845 46.3001792 46.3994058 mnt_46.3001792_46.3994058_-2.6464145_-1.0843845.glz
-2.6464145 -1.5078108 46.4002989 46.4993425 mnt_46.4002989_46.4993425_-2.6464145_-1.5078108.glz
-2.6464145 -1.7892344 46.500234 46.5999846 mnt_46.500234_46.5999846_-2.6464145_-1.7892344.glz
-2.6464145 -1.8524902 46.6008744 46.6995508 mnt_46.6008744_46.6995508_-2.6464145_-1.8524902.glz
-2.69547 -1.9002547 46.7004389 46.799819 mnt_46.7004389_46.799819_-2.69547_-1.9002547.glz
-2.8878192 -2.0680761 46.8007055 46.8998995 mnt_46.8007055_46.8998995_-2.8878192_-2.0680761.glz
-3.1214782 -2.030639 46.9007844 46.9997925 mnt_46.9007844_46.9997925_-3.1214782_-2.030639.glz
-3.3564282 -1.9635105 47.0006756 47.0994978 mnt_47.0006756_47.0994978_-3.3564282_-1.9635105.glz
-3.5926691 -2.0732399 47.1003793 47.1998955 mnt_47.1003793_47.1998955_-3.5926691_-2.0732399.glz
-3.8276191 -1.9635105 47.2007753 47.2992242 mnt_47.2007753_47.2992242_-3.8276191_-1.9635105.glz
-6.0028427 -1.9635105 47.3001024 47.399242 mnt_47.3001024_47.399242_-6.0028427_-1.9635105.glz
-6.0028427 -2.3624091 47.4001185 47.499944 mnt_47.4001185_47.499944_-6.0028427_-2.3624091.glz
-6.0028427 -2.3340085 47.5008188 47.5995789 mnt_47.5008188_47.5995789_-6.0028427_-2.3340085.glz
-6.0028427 -2.6541601 47.600452 47.7991469 mnt_47.600452_47.7991469_-6.0028427_-2.6541601.glz
-6.0028427 -3.3861197 47.8000167 47.8999449 mnt_47.8000167_47.8999449_-6.0028427_-3.3861197.glz
-6.0028427 -3.946385 47.900813 47.9996795 mnt_47.900813_47.9996795_-6.0028427_-3.946385.glz
-6.0028427 -4.2949371 48.0005459 48.0992205 mnt_48.0005459_48.0992205_-6.0028427_-4.2949371.glz
-6.0028427 -4.2691185 48.1000852 48.199431 mnt_48.1000852_48.199431_-6.0028427_-4.2691185.glz
-6.0028427 -4.0909696 48.200294 48.2994447 mnt_48.200294_48.2994447_-6.0028427_-4.0909696.glz
-6.0028427 -4.2239358 48.300306 48.3992617 mnt_48.300306_48.3992617_-6.0028427_-4.2239358.glz
-6.0028427 -1.9802926 48.4001213 48.49974 mnt_48.4001213_48.49974_-6.0028427_-1.9802926.glz
-6.0028427 -1.5142655 48.5005979 48.5991621 mnt_48.5005979_48.5991621_-6.0028427_-1.5142655.glz
-6.0028427 -1.3438622 48.6000183 48.6992423 mnt_48.6000183_48.6992423_-6.0028427_-1.3438622.glz
-6.0028427 -1.5116836 48.7000969 48.7999756 mnt_48.7000969_48.7999756_-6.0028427_-1.5116836.glz
-6.0028427 -1.5491207 48.8008284 48.8996548 mnt_48.8008284_48.8996548_-6.0028427_-1.5491207.glz
-6.0028427 -1.542666 48.9005059 48.9999837 mnt_48.9005059_48.9999837_-6.0028427_-1.542666.glz
-6.0028427 -1.5052289 49.0008331 49.0992622 mnt_49.0008331_49.0992622_-6.0028427_-1.5052289.glz
-3.9438031 -1.5788122 49.1001099 49.1991873 mnt_49.1001099_49.1991873_-3.9438031_-1.5788122.glz
-3.9438031 -0.0852016 49.2000332 49.299754 mnt_49.2000332_49.299754_-3.9438031_-0.0852016.glz
-3.9438031 0.1200569 49.3005982 49.3992722 mnt_49.3005982_49.3992722_-3.9438031_0.1200569.glz
-3.9438031 0.6712856 49.4001147 49.4994288 mnt_49.4001147_49.4994288_-3.9438031_0.6712856.glz
-3.9438031 0.684195 49.5002696 49.5993797 mnt_49.5002696_49.5993797_-3.9438031_0.684195.glz
-2.1042223 0.1846035 49.6002187 49.6999623 mnt_49.6002187_49.6999623_-2.1042223_0.1846035.glz
-2.0629124 0.4621543 49.7007996 49.7995004 mnt_49.7007996_49.7995004_-2.0629124_0.4621543.glz
-2.0525849 0.8959081 49.800336 49.899667 mnt_49.800336_49.899667_-2.0525849_0.8959081.glz
-2.0977676 1.2534968 49.9005008 49.9996249 mnt_49.9005008_49.9996249_-2.0977676_1.2534968.glz
-1.991911 1.4393913 50.000457 50.0993742 mnt_50.000457_50.0993742_-1.991911_1.4393913.glz
-1.172168 1.6872506 50.1002046 50.1997438 mnt_50.1002046_50.1997438_-1.172168_1.6872506.glz
-0.3072423 1.6859597 50.2005725 50.2999017 mnt_50.2005725_50.2999017_-0.3072423_1.6859597.glz
0.4389175 1.6446498 50.3007286 50.399848 mnt_50.3007286_50.399848_0.4389175_1.6446498.glz
0.7926334 1.6949962 50.4006731 50.4995828 mnt_50.4006731_50.4995828_0.7926334_1.6949962.glz
0.9281815 1.6898325 50.5004062 50.5999279 mnt_50.5004062_50.5999279_0.9281815_1.6898325.glz
1.0650205 1.6097946 50.6007495 50.6992385 mnt_50.6007495_50.6992385_1.0650205_1.6097946.glz
1.1734589 1.6149583 50.7000584 50.7999744 mnt_50.7000584_50.7999744_1.1734589_1.6149583.glz
1.2586606 1.6756322 50.8007925 50.8996761 mnt_50.8007925_50.8996761_1.2586606_1.6756322.glz
1.288352 2.2759165 50.9004925 50.9999782 mnt_50.9004925_50.9999782_1.288352_2.2759165.glz
1.4677919 2.4063008 51.0007928 51.09925 mnt_51.0007928_51.09925_1.4677919_2.4063008.glz
1.7272696 2.4063008 51.1000628 51.1999301 mnt_51.1000628_51.1999301_1.7272696_2.4063008.glz
1.8899273 2.4063008 51.2007411 51.2995801 mnt_51.2007411_51.2995801_1.8899273_2.4063008.glz
2.0074022 2.3714456 51.3003894 51.3998207 mnt_51.3003894_51.3998207_2.0074022_2.3714456.glz
2.0693671 2.3185173 51.4006282 51.499841 mnt_51.4006282_51.499841_2.0693671_2.3185173.glz
