50.000003814697266 49.500003814697266 49.000003814697266 48.500003814697266 48.000003814697266 47.500003814697266 47.000003814697266 46.500003814697266 46.000003814697266 
-15.609999656677246 -15.609999656677246 -15.609999656677246 -15.609999656677246 -15.609999656677246 -15.609999656677246 -15.609999656677246 -15.609999656677246 -15.609999656677246 
-16.899999618530273 -16.899999618530273 -16.899999618530273 -16.899999618530273 -16.899999618530273 -16.899999618530273 -16.899999618530273 -16.899999618530273 -16.899999618530273 
-16.03999900817871 -16.03999900817871 -16.03999900817871 -16.03999900817871 -16.03999900817871 -16.03999900817871 -16.03999900817871 -16.03999900817871 -16.03999900817871 
-15.229999542236328 -15.229999542236328 -15.229999542236328 -15.229999542236328 -15.229999542236328 -15.229999542236328 -15.229999542236328 -15.229999542236328 -15.229999542236328 
-15.119998931884766 -15.119998931884766 -15.119998931884766 -15.119998931884766 -15.119998931884766 -15.119998931884766 -15.119998931884766 -15.119998931884766 -15.119998931884766 
-12.529998779296875 -12.529998779296875 -12.529998779296875 -12.529998779296875 -12.529998779296875 -12.529998779296875 -12.529998779296875 -12.529998779296875 -12.529998779296875 
-14.029999732971191 -14.029999732971191 -14.029999732971191 -14.029999732971191 -14.029999732971191 -14.029999732971191 -14.029999732971191 -14.029999732971191 -14.029999732971191 
-6.2699995040893555 -6.2699995040893555 -6.2699995040893555 -6.2699995040893555 -6.2699995040893555 -6.2699995040893555 -6.2699995040893555 -6.2699995040893555 -6.2699995040893555 
-13.519999504089355 -13.519999504089355 -13.519999504089355 -13.519999504089355 -13.519999504089355 -13.519999504089355 -13.519999504089355 -13.519999504089355 -13.519999504089355 
-4.729999542236328 -4.729999542236328 -4.729999542236328 -4.729999542236328 -4.729999542236328 -4.729999542236328 -4.729999542236328 -4.729999542236328 -4.729999542236328 
-13.169999122619629 -13.169999122619629 -13.169999122619629 -13.169999122619629 -13.169999122619629 -13.169999122619629 -13.169999122619629 -13.169999122619629 -13.169999122619629 
-2.739999771118164 -2.739999771118164 -2.739999771118164 -2.739999771118164 -2.739999771118164 -2.739999771118164 -2.739999771118164 -2.739999771118164 -2.739999771118164 
-12.239999771118164 -12.239999771118164 -12.239999771118164 -12.239999771118164 -12.239999771118164 -12.239999771118164 -12.239999771118164 -12.239999771118164 -12.239999771118164 
-1.9699993133544922 -1.9699993133544922 -1.9699993133544922 -1.9699993133544922 -1.9699993133544922 -1.9699993133544922 -1.9699993133544922 -1.9699993133544922 -1.9699993133544922 
-10.179999351501465 -10.179999351501465 -10.179999351501465 -10.179999351501465 -10.179999351501465 -10.179999351501465 -10.179999351501465 -10.179999351501465 -10.179999351501465 
-3.2100000381469727 -3.2100000381469727 -3.2100000381469727 -3.2100000381469727 -3.2100000381469727 -3.2100000381469727 -3.2100000381469727 -3.2100000381469727 -3.2100000381469727 
-6.279999732971191 -6.279999732971191 -6.279999732971191 -6.279999732971191 -6.279999732971191 -6.279999732971191 -6.279999732971191 -6.279999732971191 -6.279999732971191 
-2.1399993896484375 -2.1399993896484375 -2.1399993896484375 -2.1399993896484375 -2.1399993896484375 -2.1399993896484375 -2.1399993896484375 -2.1399993896484375 -2.1399993896484375 
